0.0221659 0 0 0 0 0
0.0512673 1 0 0 0 0
0.0942793 0 1 0 0 0
-0.526541 0 0 1 0 0
0.06758 0 0 0 1 0
-0.0561164 0 0 0 0 1
-0.433778 2 0 0 0 0
2.57293 1 1 0 0 0
-0.869369 0 2 0 0 0
0.13733 1 0 1 0 0
0.789993 0 1 1 0 0
0.0013335 0 0 2 0 0
0.353632 1 0 0 1 0
0.105859 0 1 0 1 0
0.0496419 0 0 1 1 0
-0.00172226 0 0 0 2 0
-0.0645415 1 0 0 0 1
0.360078 0 1 0 0 1
-0.156403 0 0 1 0 1
-0.353962 0 0 0 1 1
-0.389538 0 0 0 0 2
-0.648341 3 0 0 0 0
-0.0811464 2 1 0 0 0
0.662447 1 2 0 0 0
-0.782222 0 3 0 0 0
-0.274889 2 0 1 0 0
-0.0902158 1 1 1 0 0
0.317418 0 2 1 0 0
-0.279211 1 0 2 0 0
-0.281539 0 1 2 0 0
0.0805617 0 0 3 0 0
-0.753571 2 0 0 1 0
1.86268 1 1 0 1 0
-1.61427 0 2 0 1 0
-0.301874 1 0 1 1 0
0.149294 0 1 1 1 0
-0.0285178 0 0 2 1 0
0.31058 1 0 0 2 0
-0.432875 0 1 0 2 0
0.18886 0 0 1 2 0
-0.0625544 0 0 0 3 0
-0.0880701 2 0 0 0 1
-0.073827 1 1 0 0 1
0.013352 0 2 0 0 1
0.225152 1 0 1 0 1
-0.667022 0 1 1 0 1
0.258819 0 0 2 0 1
-0.0180583 1 0 0 1 1
-0.0768124 0 1 0 1 1
0.0147645 0 0 1 1 1
0.299981 0 0 0 2 1
-0.0305103 1 0 0 0 2
0.0252361 0 1 0 0 2
0.332668 0 0 1 0 2
0.164097 0 0 0 1 2
0.155102 0 0 0 0 3
0.123821 4 0 0 0 0
0.131905 3 1 0 0 0
0.405568 2 2 0 0 0
0.460931 1 3 0 0 0
-0.424414 0 4 0 0 0
0.811774 3 0 1 0 0
-0.60391 2 1 1 0 0
-0.576791 1 2 1 0 0
0.167792 0 3 1 0 0
-0.0968655 2 0 2 0 0
-0.704067 1 1 2 0 0
0.23142 0 2 2 0 0
-0.103083 1 0 3 0 0
-0.1556 0 1 3 0 0
-0.0662483 0 0 4 0 0
0.452052 3 0 0 1 0
-1.32884 2 1 0 1 0
0.0920192 1 2 0 1 0
0.636717 0 3 0 1 0
0.339099 2 0 1 1 0
-0.857333 1 1 1 1 0
0.501733 0 2 1 1 0
0.887493 1 0 2 1 0
-0.491981 0 1 2 1 0
-0.0916726 0 0 3 1 0
-0.101444 2 0 0 2 0
0.605902 1 1 0 2 0
-0.293133 0 2 0 2 0
-0.174181 1 0 1 2 0
-0.0211841 0 1 1 2 0
-0.026265 0 0 2 2 0
-0.138565 1 0 0 3 0
0.180894 0 1 0 3 0
-0.00166166 0 0 1 3 0
0.00976268 0 0 0 4 0
0.73715 3 0 0 0 1
-0.634996 2 1 0 0 1
-0.454761 1 2 0 0 1
0.496218 0 3 0 0 1
0.328904 2 0 1 0 1
-0.980924 1 1 1 0 1
-0.495171 0 2 1 0 1
-0.0923249 1 0 2 0 1
-0.299893 0 1 2 0 1
-0.285443 0 0 3 0 1
-0.0023498 2 0 0 1 1
-0.505906 1 1 0 1 1
0.557526 0 2 0 1 1
0.363471 1 0 1 1 1
0.0844521 0 1 1 1 1
0.211073 0 0 2 1 1
-0.131602 1 0 0 2 1
0.00130572 0 1 0 2 1
-0.123151 0 0 1 2 1
-0.00961402 0 0 0 3 1
0.166354 2 0 0 0 2
-0.190045 1 1 0 0 2
-0.12156 0 2 0 0 2
0.0358243 1 0 1 0 2
-0.115645 0 1 1 0 2
0.352744 0 0 2 0 2
0.299443 1 0 0 1 2
-0.0863761 0 1 0 1 2
0.174051 0 0 1 1 2
-0.0545718 0 0 0 2 2
-0.173006 1 0 0 0 3
0.238249 0 1 0 0 3
0.140839 0 0 1 0 3
-0.0966317 0 0 0 1 3
0.180293 0 0 0 0 4
0.141079 5 0 0 0 0
-0.0734816 4 1 0 0 0
-0.192254 3 2 0 0 0
-0.192288 2 3 0 0 0
-0.0578379 1 4 0 0 0
0.218285 0 5 0 0 0
0.166365 4 0 1 0 0
-0.0852742 3 1 1 0 0
-0.144969 2 2 1 0 0
0.0194097 1 3 1 0 0
0.423755 0 4 1 0 0
0.193001 3 0 2 0 0
-0.154504 2 1 2 0 0
-0.153906 1 2 2 0 0
0.26463 0 3 2 0 0
0.179055 2 0 3 0 0
-0.139649 1 1 3 0 0
0.209098 0 2 3 0 0
0.115848 1 0 4 0 0
0.473205 0 1 4 0 0
0.195174 0 0 5 0 0
0.0251375 4 0 0 1 0
-0.0426505 3 1 0 1 0
-0.0568236 2 2 0 1 0
-0.00663353 1 3 0 1 0
0.114967 0 4 0 1 0
0.0155079 3 0 1 1 0
-0.0716583 2 1 1 1 0
-0.0555555 1 2 1 1 0
0.0830306 0 3 1 1 0
0.00812359 2 0 2 1 0
-0.100884 1 1 2 1 0
-0.00556882 0 2 2 1 0
-0.0145244 1 0 3 1 0
0.0279775 0 1 3 1 0
0.0247809 0 0 4 1 0
-0.00206299 3 0 0 2 0
-0.0211934 2 1 0 2 0
-0.0114777 1 2 0 2 0
0.0324947 0 3 0 2 0
-0.0101372 2 0 1 2 0
-0.0346539 1 1 1 2 0
-0.00202725 0 2 1 2 0
-0.00765873 1 0 2 2 0
-0.0112101 0 1 2 2 0
-0.00982517 0 0 3 2 0
-0.00281747 2 0 0 3 0
-0.00723872 1 1 0 3 0
0.00323858 0 2 0 3 0
-0.00239238 1 0 1 3 0
-0.00451002 0 1 1 3 0
-0.00327694 0 0 2 3 0
0.00118619 1 0 0 4 0
-0.000174089 0 1 0 4 0
-0.000334813 0 0 1 4 0
0.000613512 0 0 0 5 0
0.202877 4 0 0 0 1
-0.156593 3 1 0 0 1
-0.310816 2 2 0 0 1
-0.205853 1 3 0 0 1
0.199827 0 4 0 0 1
0.447729 3 0 1 0 1
-0.0630501 2 1 1 0 1
-0.0816033 1 2 1 0 1
0.505222 0 3 1 0 1
0.696263 2 0 2 0 1
0.0267377 1 1 2 0 1
0.394557 0 2 2 0 1
-0.146648 1 0 3 0 1
-0.495641 0 1 3 0 1
0.01236 0 0 4 0 1
0.0372424 3 0 0 1 1
-0.0679097 2 1 0 1 1
-0.0562525 1 2 0 1 1
0.098297 0 3 0 1 1
0.0256054 2 0 1 1 1
-0.0875414 1 1 1 1 1
0.0662611 0 2 1 1 1
0.0130112 1 0 2 1 1
-0.0635346 0 1 2 1 1
-0.13643 0 0 3 1 1
-0.0111374 2 0 0 2 1
-0.0319222 1 1 0 2 1
0.00930094 0 2 0 2 1
-0.0156356 1 0 1 2 1
-0.00967256 0 1 1 2 1
-0.0203549 0 0 2 2 1
-0.0034043 1 0 0 3 1
-0.00355211 0 1 0 3 1
-0.0034663 0 0 1 3 1
-1.62148e-05 0 0 0 4 1
0.2688 3 0 0 0 2
-0.127619 2 1 0 0 2
-0.162926 1 2 0 0 2
0.246437 0 3 0 0 2
0.448751 2 0 1 0 2
-0.0911122 1 1 1 0 2
0.305438 0 2 1 0 2
0.851401 1 0 2 0 2
0.218593 0 1 2 0 2
0.142202 0 0 3 0 2
0.0088134 2 0 0 1 2
-0.0674419 1 1 0 1 2
0.0516209 0 2 0 1 2
-0.00752334 1 0 1 1 2
0.018151 0 1 1 1 2
0.0122307 0 0 2 1 2
-0.0125817 1 0 0 2 2
-0.00597817 0 1 0 2 2
-0.0166816 0 0 1 2 2
-0.00474614 0 0 0 3 2
-0.0365116 2 0 0 0 3
-0.210479 1 1 0 0 3
0.185191 0 2 0 0 3
-0.562676 1 0 1 0 3
-0.0911954 0 1 1 0 3
-0.280096 0 0 2 0 3
-0.0523082 1 0 0 1 3
0.016404 0 1 0 1 3
-0.140612 0 0 1 1 3
-0.0215454 0 0 0 2 3
-0.0621611 1 0 0 0 4
0.290923 0 1 0 0 4
-0.684747 0 0 1 0 4
-0.0311747 0 0 0 1 4
0.199185 0 0 0 0 5
